0.0 0.7363 
1.0 0.7712 
2.0 0.8076 
3.0 0.8456 
4.0 0.8852 
5.0 0.9264 
6.0 0.9694 
7.0 1.0141 
8.0 1.0608 
9.0 1.1094 
10.0 1.1600 
11.0 1.2126 
12.0 1.2674 
13.0 1.3245 
14.0 1.3839 
15.0 1.4457 
16.0 1.5099 
17.0 1.5768 
18.0 1.6463 
19.0 1.7186 
20.0 1.7937 
21.0 1.8718 
22.0 1.9529 
23.0 2.0372 
24.0 2.1248 
25.0 2.2158 
26.0 2.3103 
27.0 2.4084 
28.0 2.5103 
29.0 2.6160 
30.0 2.7258 
31.0 2.8396 
32.0 2.9578 
33.0 3.0804 
34.0 3.2075 
35.0 3.3393 
36.0 3.4761 
37.0 3.6178 
38.0 3.7647 
39.0 3.9170 
40.0 4.0748 
41.0 4.2383 
42.0 4.4077 
43.0 4.5832 
44.0 4.7650 
45.0 4.9532 
46.0 5.1480 
47.0 5.3498 
48.0 5.5586 
50.0 5.9983 
51.0 6.2297 
52.0 6.4691 
53.0 6.7167 
54.0 6.9728 
56.0 7.5115 
57.0 7.7946 
58.0 8.0872 
60.0 8.7023 
61.0 9.0252 
63.0 9.7036 
64.0 10.0597 
66.0 10.8071 
67.0 11.1992 
69.0 12.0217 
70.0 12.4529 
72.0 13.3571 
74.0 14.3196 
75.0 14.8237 
77.0 15.8798 
79.0 17.0027 
81.0 18.1960 
83.0 19.4635 
85.0 20.8092 
87.0 22.2374 
89.0 23.7523 
91.0 25.3586 
93.0 27.0610 
95.0 28.8644 
97.0 30.7741 
100.0 33.8497 
102.0 36.0491 
104.0 38.3746 
107.0 42.1130 
109.0 44.7816 
112.0 49.0661 
114.0 52.1207 
117.0 57.0190 
120.0 62.3208 
123.0 68.0545 
125.0 72.1315 
128.0 78.6522 
131.0 85.6883 
134.0 93.2743 
138.0 104.3078 
141.0 113.3220 
144.0 123.0153 
147.0 133.4306 
151.0 148.5195 
154.0 160.7998 
158.0 178.5543 
162.0 198.0037 
165.0 213.7836 
169.0 236.5278 
173.0 261.3570 
177.0 288.4292 
181.0 317.9115 
186.0 358.4228 
190.0 393.9868 
194.0 432.5694 
199.0 485.3608 
204.0 543.6251 
208.0 594.4826 
213.0 663.7652 
218.0 739.8654 
223.0 823.3154 
229.0 933.9484 
234.0 1035.5816 
239.0 1146.4600 
245.0 1292.6407 
251.0 1454.2653 
257.0 1632.5849 
263.0 1828.9153 
269.0 2044.6380 
275.0 2281.2017 
281.0 2540.1228 
288.0 2872.5737 
295.0 3240.2531 
301.0 3585.5385 
309.0 4092.4861 
316.0 4582.9513 
323.0 5120.4620 
331.0 5796.5515 
338.0 6445.9893 
346.0 7259.0120 
354.0 8152.7171 
363.0 9261.4685 
371.0 10345.1701 
380.0 11682.2910 
389.0 13152.4686 
398.0 14764.3326 
407.0 16526.6438 
416.0 18448.2638 
426.0 20781.1064 
436.0 23333.9626 
446.0 26119.1483 
457.0 29465.8381 
467.0 32778.7497 
478.0 36735.2727 
489.0 41034.2294 
501.0 46132.5955 
512.0 51196.7274 
524.0 57164.8313 
537.0 64172.9132 
549.0 71161.1663 
562.0 79313.6291 
575.0 88090.0965 
588.0 97508.6317 
602.0 108388.8410 
616.0 120052.0911 
630.0 132515.5645 
645.0 146774.6633 
660.0 161986.4797 
676.0 179278.4644 
691.0 196501.6421 
707.0 215963.5205 
724.0 237885.0681 
741.0 261095.2590 
758.0 285599.0042 
776.0 312956.4579 
794.0 341766.0740 
812.0 372024.5202 
831.0 405529.2142 
851.0 442523.3458 
870.0 479294.5537 
891.0 521762.4846 
912.0 566125.7659 
933.0 612359.1657 
954.0 660435.2628 
977.0 715169.6185 
1000.0 772038.5676 
1023.0 830999.4046 
1047.0 894705.1196 
1071.0 960582.2639 
1096.0 1031436.3770 
1122.0 1107415.2227 
1148.0 1185514.6529 
1174.0 1265374.0356 
1202.0 1352690.9397 
1230.0 1440359.1556 
1258.0 1526998.7979 
1288.0 1616770.5711 
1318.0 1701114.3824 
1348.0 1777652.0801 
1380.0 1848170.2624 
1412.0 1904941.3037 
1445.0 1917122.0245 
1479.0 1755913.2970 
1513.0 1609994.8762 
1548.0 1474846.4606 
1584.0 1350166.9952 
1621.0 1235451.5593 
1659.0 1130118.7496 
1698.0 1033562.8857 
1737.0 947267.7783 
1778.0 866235.8784 
1819.0 793899.3034 
1862.0 726196.4263 
1905.0 665796.5618 
1949.0 610593.5891 
1995.0 559112.9343 
2041.0 513189.4730 
2089.0 470431.5628 
2137.0 432270.8533 
2187.0 396778.6429 
2238.0 364476.8857 
2290.0 335072.5827 
2344.0 307820.9635 
2398.0 283481.9829 
2454.0 260919.2104 
2511.0 240392.1907 
2570.0 221400.0776 
2630.0 204133.8968 
2691.0 188423.0123 
2754.0 173896.0076 
2818.0 160678.7666 
2884.0 146627.8142 
2951.0 109911.4577 
3019.0 81862.6066 
3090.0 59813.7267 
3162.0 43034.0604 
3235.0 30321.3955 
3311.0 20574.5833 
3388.0 13466.1539 
3467.0 8370.0428 
3548.0 4874.4940 
3630.0 2634.6199 
3715.0 1272.1335 
3801.0 540.9824 
3890.0 189.8248 
3981.0 51.8273 
4073.0 10.1029 
4168.0 1.1403 
4265.0 0.0553 
4365.0 0.0058 
4466.0 0.0058 
